C:\src\emthub\atp\data>python ..\src\plot240.py
Column                 Min           Max
I:FAULTC:     -67292.06409   48933.10405

Machine           FREQ Min           Max       VPU Min           Max     PMECH Min           Max       EFD Min           Max
SM001              0.99886       1.05071       0.75201       1.10568       0.00000       1.00000      -4.41381       3.50463
SM002              0.99883       1.05074       0.75554       1.10616       0.00000       1.00000      -4.41510       3.50850
SM003              0.99836       1.05426       0.89609       1.15560       0.00000       1.00676      -4.36063       3.32098
SM004              0.99836       1.05427       0.89610       1.15545       0.00000       1.00681      -4.35973       3.33196
SM005              0.99844       1.02309       0.89905       1.04733       0.50436       1.00000      -1.59392       4.34693
SM006              0.99848       1.02222       0.88594       1.04885       0.51925       1.00000      -1.05073       4.34260
SM007              1.00000       1.01364       0.95566       1.04016       0.67781       1.00000      -0.16521       3.57172
SM008              1.00000       1.01364       0.95537       1.04026       0.67780       1.00000      -0.16190       3.57488
SM009              1.00000       1.01300       0.98472       1.03288       0.68652       1.00000       0.00432       1.65274
SM010              1.00000       1.01301       0.98488       1.03288       0.68647       1.00000       0.00585       1.65096
SM011              1.00000       1.01590       0.98361       1.04001       0.62722       1.00000      -0.16518       2.14625
SM012              1.00000       1.01587       0.98347       1.03975       0.62779       1.00000      -0.15940       2.14124
SM013              1.00000       1.01562       0.98592       1.03389       0.63146       1.00000      -0.28024       2.11508
SM014              1.00000       1.01562       0.98591       1.03390       0.63156       1.00000      -0.27885       2.11099
SM015              1.00000       1.01563       0.98592       1.03391       0.63137       1.00000      -0.28120       2.11849
SM016              1.00000       1.01531       0.97635       1.04589       0.63626       1.00000      -0.21785       1.93508
SM017              1.00000       1.01532       0.97634       1.04598       0.63614       1.00000      -0.21855       1.93698
SM018              1.00000       1.01371       0.98055       1.03528       0.66927       1.00000      -0.08251       2.18097
SM019              1.00000       1.01369       0.98026       1.03525       0.66943       1.00000      -0.09258       2.17803
SM020              1.00000       1.01367       0.97998       1.03528       0.66963       1.00000      -0.10479       2.17174
SM021              0.99963       1.01617       0.97905       1.02754       0.61942       1.00000      -0.65880       2.95736
SM022              0.99962       1.01618       0.97907       1.02749       0.61927       1.00000      -0.65846       2.96156
SM023              0.99966       1.01615       0.97902       1.02766       0.61986       1.00000      -0.65975       2.94448
SM024              0.98721       1.03072       0.89118       1.06592       0.30709       1.20000      -3.14634       4.60557
SM025              0.98715       1.03076       0.89237       1.06557       0.30622       1.20000      -3.16166       4.60352
SM026              0.98701       1.03088       0.89302       1.06384       0.30344       1.20000      -3.18154       4.59788
SM027              0.98712       1.03077       0.89280       1.06545       0.30593       1.20000      -3.16684       4.60289
SM028
SM029              0.99330       1.01923       0.94025       1.04109       0.55458       1.10493      -1.50550       4.25894
SM030              0.99999       1.03886       0.91509       1.12759       0.12493       1.00009      -3.87400       4.11552
SM031              0.96303       1.10068       0.80808       1.05571       0.00000       1.00000      -4.22284       4.52733
SM032              0.99131       1.01936       0.86574       1.07814       0.58620       1.07313      -4.10064       4.60400
SM033              1.00000       1.01154       0.96139       1.00283       0.72017       1.00000      -4.00018       2.90863
SM034              1.00000       1.01346       0.98200       1.02288       0.67735       1.00000      -0.02293       2.07521
SM035              1.00000       1.01345       0.98202       1.02290       0.67765       1.00000      -0.01265       2.06672
SM036              1.00000       1.01291       0.98235       1.02409       0.68793       1.00000       0.28832       1.72066
SM037              1.00000       1.01291       0.98240       1.02404       0.68809       1.00000       0.29584       1.71744
SM038              1.00000       1.01290       0.98244       1.02399       0.68831       1.00000       0.30551       1.71268
SM039              1.00000       1.01242       0.97336       1.02044       0.70000       1.00000       0.37569       1.53569
SM040              1.00000       1.01242       0.97365       1.02044       0.69989       1.00000       0.37229       1.53753
SM041              1.00000       1.01402       0.94523       1.03277       0.66779       1.00000      -0.08814       1.94402
SM042              1.00000       1.01368       0.97967       1.02619       0.67258       1.00000       0.03071       1.93889
SM043              1.00000       1.01366       0.97978       1.02605       0.67283       1.00000       0.03895       1.93119
SM044              1.00000       1.01369       0.97963       1.02624       0.67236       1.00000       0.02377       1.94540
SM045              1.00000       1.01277       0.98189       1.02892       0.70598       1.00000      -0.10835       2.28461
SM046              1.00000       1.01286       0.98165       1.02909       0.70440       1.00000      -0.14408       2.31109
SM047              0.98234       1.03537       0.51582       1.00755       0.38437       1.20000      -3.88767       4.25735
SM048              1.00000       1.01502       0.87710       1.04496       0.64769       1.00000      -3.05573       3.93420
SM049              1.00000       1.01585       0.88882       1.02731       0.63107       1.00000      -0.97035       3.82750
SM050              1.00000       1.01553       0.93021       1.02727       0.63931       1.00000      -0.41004       2.55810
SM051              1.00000       1.01211       0.97885       1.02761       0.71310       1.00000       0.12675       2.24725
SM052              1.00000       1.01209       0.97879       1.02745       0.71321       1.00000       0.12980       2.24184
SM053              1.00000       1.01298       0.97981       1.02219       0.68817       1.00000       0.34921       1.80543
SM054              1.00000       1.01299       0.97985       1.02218       0.68796       1.00000       0.34543       1.81140
SM055              1.00000       1.01298       0.97984       1.02222       0.68804       1.00000       0.34558       1.80780
SM056              1.00000       1.01297       0.97980       1.02217       0.68822       1.00000       0.35093       1.80449
SM057              1.00000       1.01131       0.93767       1.02921       0.72817       1.00000       0.39676       2.64077
SM058              1.00000       1.01135       0.93917       1.02882       0.72765       1.00000       0.37562       2.63672
SM059              1.00000       1.01102       0.98465       1.02322       0.73915       1.00000       0.25392       2.17357
SM060              1.00000       1.01103       0.98475       1.02318       0.73897       1.00000       0.25172       2.17508
SM061              1.00000       1.01103       0.98474       1.02321       0.73899       1.00000       0.25177       2.17440
SM062              1.00000       1.01095       0.99012       1.02730       0.73949       1.00001       0.25795       1.99033
SM063              1.00000       1.01095       0.98984       1.02765       0.73952       1.00002       0.25990       1.97994
SM064              0.99999       1.01178       0.98761       1.03395       0.72078       1.00011       0.18803       1.82234
SM065              0.99999       1.01175       0.98741       1.03439       0.72137       1.00012       0.19453       1.80724
SM066              1.00000       1.01093       0.98514       1.03725       0.73845       1.00006       0.23418       1.82930
SM067              1.00000       1.01091       0.98509       1.03787       0.73873       1.00006       0.23046       1.82138
SM068              1.00000       1.01093       0.98482       1.03702       0.73844       1.00006       0.23671       1.83115
SM069              0.99999       1.01088       0.98505       1.03904       0.73920       1.00007       0.21824       1.84120
SM070              0.99999       1.01108       0.98729       1.03397       0.73449       1.00009       0.34143       1.63373
SM071              0.99999       1.01108       0.98731       1.03396       0.73447       1.00009       0.34159       1.63398
SM072              0.99999       1.01108       0.98730       1.03398       0.73449       1.00009       0.34143       1.63351
SM073              1.00000       1.01067       0.98588       1.02845       0.74416       1.00000       0.32938       1.92112
SM074              1.00000       1.01069       0.98570       1.02797       0.74385       1.00000       0.33380       1.94044
SM075              0.99999       1.00967       0.99148       1.01910       0.76052       1.00012       0.76544       1.50756
SM076              0.99999       1.00969       0.99051       1.01742       0.76000       1.00010       0.80901       1.52348
SM077              0.99999       1.01016       0.99119       1.02445       0.75069       1.00011       0.76857       1.44755
SM078              0.99999       1.01013       0.99396       1.02592       0.75135       1.00014       0.71260       1.40191
SM079              0.99999       1.01013       0.99391       1.02590       0.75135       1.00014       0.71336       1.40217
SM080              0.99998       1.03271       0.91712       1.12258       0.25196       1.00025      -4.28306       3.86355
SM081              0.99999       1.03307       0.90843       1.10773       0.24214       1.00018      -4.26350       4.01866
SM082              0.99999       1.03309       0.90331       1.10572       0.24178       1.00017      -4.25899       4.09464
SM083              0.98507       1.02376       0.68247       1.09966       0.48672       1.20000      -4.15891       4.55002
SM084              0.98624       1.02571       0.68155       1.06987       0.44195       1.20000      -4.12955       4.46854
SM085              0.99998       1.19559       0.66495       1.29614       0.00000       1.00020      -4.58847       5.74849
SM086              0.99998       1.19563       0.65220       1.29220      -0.00000       1.00020      -4.57286       5.73141
SM087              0.99998       1.03472       0.91402       1.12944       0.19751       1.00019      -3.37754       3.97512
SM088              0.99998       1.03544       0.93462       1.11616       0.17538       1.00021      -2.13275       2.90423
SM089              0.99998       1.03553       0.93423       1.11484       0.17321       1.00021      -2.16519       2.95162
SM090              0.99998       1.03536       0.93497       1.11735       0.17709       1.00021      -2.10707       2.86183
SM091              1.00000       1.05284       0.76654       1.08020      -0.00000       1.00001      -4.23296       4.07432
SM092              1.00000       1.05290       0.77046       1.08067      -0.00000       1.00001      -4.23404       4.08274
SM093              1.00000       1.05289       0.77045       1.08070      -0.00000       1.00001      -4.23408       4.08260
SM094              0.99999       1.03766       0.94433       1.10978       0.14480       1.00010      -3.22197       2.90436
SM095              0.99999       1.03767       0.94832       1.11323       0.14452       1.00011      -3.20511       2.90915
SM096              0.99999       1.03769       0.94845       1.11322       0.14416       1.00010      -3.20789       2.91330
SM097              0.97455       1.00635       0.95614       1.00174       0.84392       1.20000      -0.84783       3.04259
SM098              0.97455       1.00635       0.95624       1.00178       0.84390       1.20000      -0.84799       3.04283
SM099              0.97456       1.00635       0.95599       1.00168       0.84394       1.20000      -0.84734       3.04183
SM100              0.97409       1.00621       0.93416       1.00452       0.84734       1.20000      -2.42198       4.34991
SM101              0.97405       1.00621       0.93434       1.00413       0.84729       1.20000      -2.43045       4.34736
SM102              0.97410       1.00621       0.93417       1.00453       0.84734       1.20000      -2.42103       4.34999
SM103              1.00000       1.01156       0.98369       1.02569       0.71867       1.00000       0.31261       1.62729
SM104              1.00000       1.01299       0.98475       1.02544       0.68615       1.00000       0.16868       1.55694
SM105              1.00000       1.01299       0.98475       1.02544       0.68615       1.00000       0.16875       1.55672

DER               FREQ Min           Max      VRMS Min           Max      IRMS Min           Max
DR001            365.37405     382.68189       0.00356  551450.55894       0.00001    2022.09996
DR002            370.19063     383.83653      -0.00582  253167.97433       0.00018    6810.70002

IBR               FREQ Min           Max       P   Min           Max     Q     Min           Max
IBR01            132.23500     893.48666       0.00000       1.05332      -0.23731       0.37720
IBR02             67.71787    1025.19107      -0.00000       0.57157      -0.21279       0.68894
IBR03            155.25592     855.99432       0.00000       0.60742      -0.34730       0.01112
IBR04             79.47676     989.75819       0.00000       0.57613      -0.23762       0.07604
IBR05             79.41045     992.86037      -0.00000       0.15747      -0.28518       0.19646
IBR06             86.20225     983.59026       0.00000       1.07928      -0.33215       0.11751
IBR07             75.39160     996.16776      -0.00000       0.49007      -0.34203       0.02650
IBR08             75.39142     996.16245       0.00000       0.49021      -0.34658       0.02663
IBR09             79.29381     996.47931      -0.00000       0.34706      -0.35048       0.22096
IBR10             79.34773     996.05754      -0.00000       0.34653      -0.34309       0.22120
IBR11             73.83564     998.31939      -0.00000       0.28093      -0.34132       0.09515
IBR12             86.87029     975.37117       0.00000       0.56536      -0.31731       0.06486
IBR13             40.49476    1048.61864      -0.00000       0.71704      -0.43407       0.02559
IBR14             79.51476     985.88879       0.00000       0.40939      -0.32768       0.09199
IBR15             72.99380     999.16807      -0.00000       0.61853      -0.29111       0.01162
IBR16             72.99359     999.16302      -0.00000       0.28531      -0.28012       0.00531
IBR17             53.31861    1027.49610       0.00000       0.85636      -0.32967       0.84416
IBR18             53.31872    1027.49844      -0.00000       0.56506      -0.33573       0.84335
IBR19             52.26403    1029.94617      -0.06939       0.63412      -0.38762       0.99875
IBR20             31.58396    1056.82351      -0.00000       0.66938      -0.51066       0.68247
IBR21            143.83783     878.08367      -0.00000       0.56656      -0.08424       0.89917
IBR22             68.12644    1005.66783       0.00000       0.39107      -0.32126       0.35458
IBR23             68.12644    1005.66783      -0.00000       0.41979      -0.31973       0.35331
IBR24            169.86779     826.76294      -0.00000       0.25119      -0.23048       0.33635
IBR25            164.13311     835.84736       0.00000       0.61422      -0.14288       0.57314
IBR26             63.32960    1005.53820      -0.00000       0.94880      -0.57092       0.84355
IBR27             47.18393    1033.51956      -0.00000       1.05172      -0.45830       0.79519
IBR28            194.08514     779.93842       0.00000       0.53191      -0.34920       0.07942
IBR29             96.82766     959.44452       0.00000       0.71852      -0.29737       0.09799
IBR30            113.03691     934.50354       0.00000       0.68362      -0.33178       0.01972
IBR31             91.28391     975.66248      -0.00000       0.44531      -0.27666       0.43984
IBR32             83.92061     988.19878      -0.10394       0.66547      -0.17782       1.10624
IBR33             66.56995    1008.78911      -0.00000       0.22953      -0.14760       0.60629
IBR34             66.57000    1008.78954      -0.00000       0.22941      -0.14730       0.61109
IBR35            109.88869     933.17222       0.00000       0.75244      -0.03963       0.75491

