1001,1201,1,10,0,188.950768440119,148.7285342444057,-116.5427646644017,-148.2987014054136,-262.3492709441556
1001,1202,1,11,0,80.16293615964258,72.66493156804987,33.85120461587093,-71.92308608148134,-64.36656425846583
1002,1004,2,4,0,1835.446829755888,-1834.653865852896,-53.94680131354725,1848.998492803571,195.5049450305569
1002,1102,2,8,0,1064.954156175867,1054.101986555206,-151.6454967897902,-1037.161629157821,37.32812014498697
1002,1102,2,8,0,1064.954156175867,1054.101986555206,-151.6454967897902,-1037.161629157821,37.32812014498697
1002,6506,2,227,0,638.7302476765923,-594.6011505223383,233.2933798771678,612.1437328165389,-153.0761962913456
1004,7001,4,233,0,304.6231566024036,280.0597774819972,-119.8406799678086,-274.7353045365709,-84.37004430494774
1004,7002,4,234,0,282.0653132827544,260.4998945916789,-108.1695237810659,-254.9886966322803,-69.98507332081512
1101,1401,7,18,0,276.076983202837,-271.9432950086526,-47.59564007570945,273.6764946559363,-62.06095302520795
1101,1401,7,18,0,276.076983202837,-271.9432950086526,-47.59564007570945,273.6764946559363,-62.06095302520795
1201,1202,10,11,0,594.9460556351138,432.2591349862986,408.7943851579627,-429.3617067728749,-542.4188354879045
1201,1402,10,19,0,1178.895899350161,1172.290169425721,-124.6246371005381,-1150.424690987357,57.38075073470021
1201,2901,10,80,0,1616.951218767412,-1616.778923004033,-23.60419461319259,1665.448239068706,-111.8742788704713
1202,1302,11,14,0,1021.845930143026,995.355240360417,-231.1645527258063,-968.63476032632,320.1993606552745
1202,1402,11,19,0,844.7456246650106,788.0483238652218,-304.2614166204671,-774.0288752394706,-29.30377399486859
1301,1302,13,14,0,917.78494755537,917.5444802666112,-21.00801493448508,-897.3228230992403,56.12908656892599
1301,1402,13,19,0,1223.460421513155,1223.449211007162,-5.237470295680691,-1187.488851341055,158.875280239898
1301,1402,13,19,0,385.6968396827606,384.314705391343,-32.62298823275462,-376.4169551592235,-10.07154607246941
1301,2603,13,56,0,1836.517284359847,-1742.838075259277,579.0606006101658,1795.107178577369,97.00575379315168
1301,2901,13,80,0,288.4336335116593,-285.8072575295479,38.83519646115925,293.6738104754479,-7.337914139257329
1303,6507,15,228,0,737.1179620066375,-637.124420313844,370.6957822157772,677.4113471275687,184.1425101818076
1401,1402,18,19,0,965.5455952757201,903.9625689067059,339.3080761961522,-900.7481061345502,-368.1107879541014
1401,1402,18,19,0,965.5455952757201,903.9625689067059,339.3080761961522,-900.7481061345502,-368.1107879541014
1401,2301,18,30,0,1072.318456606528,-1066.603974703105,110.5569243717611,1092.19649913887,-77.89221072362213
1401,2400,18,33,0,1042.205205600758,-1023.682706120985,195.6154589242244,1048.386575074809,-167.1303605874391
1403,2100,20,24,0,521.657966074342,-506.5486795903844,124.6413606073742,526.309354791533,21.00598691991027
2000,2202,22,27,0,324.7383858556698,-323.4644457587876,28.7362415445416,324.6741764506753,0.1869177595307026
2000,2302,22,31,0,376.0808874598787,-373.8237393172221,41.14177725256341,375.4464525927993,3.963564924495788
2100,2302,24,31,0,141.057578410566,138.1305784576354,-28.58642548504467,-136.7480474826459,21.04026559555919
2201,2301,26,30,0,130.1248960007049,-2.105028535883646,-130.1078683787318,2.105094414045094,-130.4041155604264
2202,2203,27,28,0,539.172130222584,-531.5364561295077,90.41892398189133,539.1180403390661,-38.61578220661892
2202,2203,27,28,0,539.172130222584,-531.5364561295077,90.41892398189133,539.1180403390661,-38.61578220661892
2202,2503,27,51,0,762.7304070231016,-733.5464081493977,208.9673201453842,748.7297095931458,-86.57916955075571
2203,2503,28,51,0,230.4424440765283,-215.3854855527287,81.93175602401772,216.8077394931972,-86.80398464814778
2203,2503,28,51,0,230.4424440765283,-215.3854855527287,81.93175602401772,216.8077394931972,-86.80398464814778
2400,2403,33,36,0,949.9116748224768,-904.3376988265098,290.6983254943442,907.7079702396655,-293.658014960247
2401,2402,34,35,0,474.879288970713,470.7036510731097,-62.83639041012918,-470.1395278860354,20.71672523690495
2401,2402,34,35,0,477.1315605187864,472.0525598476468,-69.43275008507352,-471.3423172720146,23.34859967156726
2401,2404,34,37,0,1321.987362355999,-1316.297222071681,122.5243216481906,1323.305913394297,-34.74228756437672
2401,2404,34,37,0,1321.987362355999,-1316.297222071681,122.5243216481906,1323.305913394297,-34.74228756437672
2401,2501,34,49,0,695.3993881559844,694.869686120859,27.13721352711804,-692.2149193073861,-74.09464817932422
2401,2603,34,56,0,631.073144930221,625.6816964354267,-82.31481639295745,-624.9656136513465,64.1967295349764
2401,2901,34,80,0,853.4614426422899,763.8857492562482,-380.6244818193895,-753.4372060046676,-4.159659733828169
2401,2902,34,81,0,620.8532186696226,482.6893849974512,-390.4736569132579,-478.2362524573142,-16.20807818158973
2402,2501,35,49,0,1204.520315961182,1181.923521094963,232.219684449251,-1179.160264651613,-207.5475074230352
2403,2501,36,49,0,1900.499294126475,-1871.928730238465,328.2992474603543,1885.053338871837,-98.32710220628229
2405,2406,38,39,0,465.2144706697428,-459.9030832791819,70.09748719341344,462.8500969671804,-24.98712559909997
2405,2410,38,43,0,268.1114718887841,268.1094107377438,-1.051300256858156,-267.6565516289268,4.507341280790089
2405,2410,38,43,0,268.1114718887841,268.1094107377438,-1.051300256858156,-267.6565516289268,4.507341280790089
2406,2408,39,41,0,1366.617841966173,-1366.568796142,11.57805645540826,1401.375349667197,450.2091092579554
2406,2410,39,43,0,217.8481315507265,216.4870616752297,-24.31379335619929,-212.581168575288,40.48635013475128
2407,2408,40,41,0,1679.259711801629,-1678.861807499438,-36.55422000002022,1707.103403581853,357.1351203627923
2408,2409,41,42,0,1059.142075354121,1024.113665903818,270.1354014091398,-1010.998066714604,225.3071245586639
2408,2409,41,42,0,1059.142075354121,1024.113665903818,270.1354014091398,-1010.998066714604,225.3071245586639
2408,2411,41,44,0,1036.496217664547,1003.927597618262,257.7863223162493,-974.8088739514108,85.52459375826346
2408,2502,41,50,0,2347.55685770526,2263.130195703627,623.9109852001772,-2117.797426332613,703.204965973277
2409,2502,42,50,0,409.7903832700007,402.6281538861575,76.28058677539593,-397.9656425577532,-49.96413080465376
2409,2503,42,51,0,592.8127401396587,587.2127446833201,-81.29045056691653,-577.5722982250174,152.9445334833815
2410,2411,43,44,0,348.4794974526943,-348.3798344268995,8.333733231178741,351.7476110251184,21.60592110564019
2410,2411,43,44,0,375.1883350217676,-375.1687737393752,-3.831180927551769,377.0565426565222,38.61014449940296
2502,2503,50,51,0,241.9927496485455,162.7542932400571,-179.0852615778113,-161.1323896163315,177.0371899327485
2502,2503,50,51,0,241.9927496485455,162.7542932400571,-179.0852615778113,-161.1323896163315,177.0371899327485
2600,2601,53,54,0,137.0159782928694,-132.1296122873076,-36.26491230318702,132.2576382660994,-115.1016290196089
2600,2602,53,55,0,74.2946441802147,27.24766993886156,69.11771579535575,-27.10743338111755,-195.2903951731482
2600,2603,53,56,0,882.4124083995262,882.25950367402,-16.42640174609063,-882.2595036740179,14.28438823715705
2600,2603,53,56,0,882.4124083995262,882.25950367402,-16.42640174609063,-882.2595036740179,14.28438823715705
2601,2603,54,56,0,243.3264324471613,204.3744946367004,-132.0561193942041,-204.0455036923704,-44.20318719017421
2603,2901,56,80,0,757.010804177481,737.6366488055753,-170.1691275769983,-728.5361895876534,237.0430498503544
2604,6404,57,220,0,117.8377504321452,-105.802527743881,51.88025202245883,107.2678462494324,-76.7851181927423
2604,6504,57,225,0,644.187960538511,-588.7235039658075,261.5009835182043,595.1434595466109,-224.8480317590603
2604,6504,57,225,0,644.187960538511,-588.7235039658075,261.5009835182043,595.1434595466109,-224.8480317590603
2605,2607,58,60,0,58.12690432518269,-30.19958817638523,-49.66610393825628,30.38927125590163,11.84725962191824
2606,2607,59,60,0,58.12690432518269,-30.19958817638523,-49.66610393825628,30.38927125590163,11.84725962191824
2608,2611,61,64,0,51.87997961368949,51.83522488420871,2.154471146324968,-51.77654656015569,-8.766730947217393
2608,2612,61,65,0,102.5173250166421,100.7496835753347,-18.95529445927343,-100.456399552375,14.32304172091765
2608,2618,61,71,0,118.6976252807481,118.2172345342395,-10.66825695066877,-117.7950764893995,6.720321578459387
2608,2619,61,72,0,47.8675895203671,44.42658053977871,-17.82091658790067,-44.37876383011319,10.82092319003023
2609,2615,62,68,0,164.9088899856999,-162.9924128612212,-25.06821385725145,163.1163190191716,25.29734988958017
2609,2617,62,70,0,62.47330978441099,37.06883786127744,50.2873313572445,-37.0553622191244,-51.31763790955033
2610,2613,63,66,0,161.9539410967189,144.8176977289297,-72.50457545046278,-144.2362130024071,73.87803169006798
2610,2613,63,66,0,151.285002103093,135.0265088390162,-68.22751477285335,-134.4793355449867,68.42673791093434
2610,2616,63,69,0,193.1119309554554,175.011817901961,-81.62770039634486,-174.2519623694611,86.39943316855567
2610,2617,63,70,0,119.1128820879493,97.41111346800288,-68.54891430374064,-97.01902788230204,64.91164406727509
2611,2612,64,65,0,510.6164525229626,480.0052701345776,-174.1381699403267,-479.2638726557831,184.2592673108715
2612,2615,65,68,0,425.7039484727863,421.6630012166648,-58.51636651634848,-417.6455656394696,83.12483611298632
2612,2615,65,68,0,425.7039484727863,421.6630012166648,-58.51636651634848,-417.6455656394696,83.12483611298632
2612,2618,65,71,0,176.1894853217736,176.0964008097567,5.726461368156976,-175.6720855866998,-4.812652663819494
2612,2618,65,71,0,176.1894853217736,176.0964008097567,5.726461368156976,-175.6720855866998,-4.812652663819494
2612,2618,65,71,0,174.9501929984909,174.9354614785686,2.27031880789017,-174.4578574185546,-1.373725625417632
2612,2618,65,71,0,174.9501929984909,174.9354614785686,2.27031880789017,-174.4578574185546,-1.373725625417632
2612,2619,65,72,0,591.3717662607451,-590.3777159545494,34.27416570308659,591.2927993779944,-21.90241280045386
2612,2619,65,72,0,591.3717662607451,-590.3777159545494,34.27416570308659,591.2927993779944,-21.90241280045386
2612,2619,65,72,0,591.3717662607451,-590.3777159545494,34.27416570308659,591.2927993779944,-21.90241280045386
2612,2620,65,73,0,280.3755722722823,278.608671834272,-31.4272096399399,-277.558498991457,37.37095550303643
2612,2620,65,73,0,280.3755722722823,278.608671834272,-31.4272096399399,-277.558498991457,37.37095550303643
2613,2616,66,69,0,119.7923663245779,117.3324370526847,-24.15181659667954,-117.2802560351673,23.82425502842052
2613,2617,66,70,0,149.7753325796733,-138.5702010048899,-56.8414430043446,138.6912384108262,56.85988111193944
2614,2616,67,69,0,146.8509536410198,-143.1895504052797,32.58765471786538,143.3442654728342,-33.02266462065498
2614,2616,67,69,0,146.8509536410198,-143.1895504052797,32.58765471786538,143.3442654728342,-33.02266462065498
2615,2617,68,70,0,116.0025827926374,111.3713879220668,32.45016435821582,-111.2155899366864,-33.70266262417226
2615,2617,68,70,0,116.0025827926374,111.3713879220668,32.45016435821582,-111.2155899366864,-33.70266262417226
2615,2620,68,73,0,370.5019207904222,-363.9370835961087,69.43682375333167,365.6363679829207,-58.63111600607378
2616,2617,69,70,0,106.8212390603325,-104.6083875408479,-21.63012645567473,104.7312290641773,20.39205047868857
2901,2902,80,81,0,490.5017625061706,-477.1486539538598,-113.6711971067406,478.2362524574056,16.2080781815709
3101,3102,82,83,0,165.4814992985971,-163.4535749990383,25.82741624989536,163.7040493153932,-28.73354276718674
3101,3102,82,83,0,165.4814992985971,-163.4535749990383,25.82741624989536,163.7040493153932,-28.73354276718674
3102,3103,83,84,0,172.224921426532,-169.98415023124,27.69137465960058,170.256177725533,-30.3319584637939
3102,3103,83,84,0,172.224921426532,-169.98415023124,27.69137465960058,170.256177725533,-30.3319584637939
3102,3103,83,84,0,172.224921426532,-169.98415023124,27.69137465960058,170.256177725533,-30.3319584637939
3102,3302,83,96,0,9.530523260216317,7.856544712406673,5.394958646317782,-7.855355124517067,-11.16573085109441
3103,3204,84,92,0,451.6433004776264,-444.7106597805569,78.82956262637299,446.5806620668509,-62.99239203748277
3103,3204,84,92,0,451.6433004776264,-444.7106597805569,78.82956262637299,446.5806620668509,-62.99239203748277
3103,3305,84,99,0,36.63295597646956,31.03063054621889,-19.46980820342161,-31.01930769445729,13.81946557346553
3103,3305,84,99,0,36.63295597646956,31.03063054621889,-19.46980820342161,-31.01930769445729,13.81946557346553
3104,3105,85,86,0,274.6492181926876,-272.7948983389737,31.86120672673178,274.7572845723488,-32.15341599827527
3201,3202,89,90,0,11.11257104905262,10.3038897892398,4.161621142228377,-10.30247076057763,-9.948391294925772
3201,3202,89,90,0,11.11257104905262,10.3038897892398,4.161621142228377,-10.30247076057763,-9.948391294925772
3201,3203,89,91,0,28.83709355622544,-24.17457242242299,15.7215779412731,24.18303898740383,-21.42177958360521
3201,3203,89,91,0,28.83709355622544,-24.17457242242299,15.7215779412731,24.18303898740383,-21.42177958360521
3201,3923,89,152,0,157.5532664525629,-156.5080217671803,18.11824749792552,157.1589040448687,-30.52001893694606
3201,3923,89,152,0,157.5532664525629,-156.5080217671803,18.11824749792552,157.1589040448687,-30.52001893694606
3201,3924,89,153,0,47.76793512130084,-47.07428559791707,8.110934668615229,47.09553393671295,-13.66945879254796
3201,3924,89,153,0,47.76793512130084,-47.07428559791707,8.110934668615229,47.09553393671295,-13.66945879254796
3202,3203,90,91,0,35.51647031079733,-34.43790402283508,8.686220688639414,34.44992581397893,-14.34052941206796
3202,3203,90,91,0,15.48584554764268,-15.01146496100899,-3.8035946221757,15.01804071374075,-14.54317323855334
3202,3204,90,92,0,384.4692021973217,-373.6035573726498,90.75764076234121,374.9544592302978,-80.9265946833689
3202,3205,90,93,0,59.91263908298246,-57.50252810405614,16.8221159052585,57.53617943802931,-22.22303658209677
3202,3924,90,153,0,26.06612769994946,-25.13134075752694,-6.918000072212919,25.14778938687254,-11.3561714523751
3202,3924,90,153,0,26.06612769994946,-25.13134075752694,-6.918000072212919,25.14778938687254,-11.3561714523751
3203,3204,91,92,0,347.982305208272,-339.1647101630043,77.83947660479393,340.2735521039313,-70.79792079145938
3203,3303,91,97,0,185.8415500440024,-155.6072044750039,101.6045256779035,155.9277091874375,-103.6377074786109
3203,3303,91,97,0,77.39153268089072,-67.3415370328626,38.13878237108482,67.51684865764869,-54.73551891512491
3203,3305,91,99,0,139.1213556214346,138.2858471485139,-15.22419352095545,-138.1100113881249,11.46555459337978
3203,3923,91,152,0,146.1636048973652,-145.8662587344547,9.318474092157675,146.4256617927325,-22.53450169003464
3203,3923,91,152,0,146.1636048973652,-145.8662587344547,9.318474092157675,146.4256617927325,-22.53450169003464
3204,3205,92,93,0,323.3554596375685,317.0310625593655,-63.64007110227736,-316.0714035461192,68.96290734813138
3204,3205,92,93,0,323.3554596375685,317.0310625593655,-63.64007110227736,-316.0714035461192,68.96290734813138
3204,3923,92,152,0,29.17440721786254,3.007947669339998,-29.01892981024942,-2.997356052354767,10.81338315256957
3204,3923,92,152,0,29.17440721786254,3.007947669339998,-29.01892981024942,-2.997356052354767,10.81338315256957
3205,3914,93,143,0,37.92877067258642,32.00209233824033,-20.35823496053602,-31.97232466536926,2.231241179753037
3205,3915,93,144,0,36.87462028801212,29.48499282472534,-22.14436315433275,-29.45811801070653,3.981610168184194
3301,3902,95,131,0,533.9616067826563,-505.8752327535306,170.89542534684,507.214715568924,-196.4077622941773
3301,3903,95,132,0,184.1944795356097,-169.3591827152466,-72.42287981997046,169.4875237524145,4.26804493524422
3302,3304,96,98,0,167.7855962836678,-160.983833686169,47.28859917538111,161.2436165381745,-50.04716285829316
3302,3304,96,98,0,167.7855962836678,-160.983833686169,47.28859917538111,161.2436165381745,-50.04716285829316
3303,3304,97,98,0,285.6690297826412,277.0583560764363,-69.60935213876216,-276.303251855611,72.61941773843118
3303,3304,97,98,0,285.6690297826412,277.0583560764363,-69.60935213876216,-276.303251855611,72.61941773843118
3303,3304,97,98,0,285.6690297826412,277.0583560764363,-69.60935213876216,-276.303251855611,72.61941773843118
3303,3918,97,147,0,81.52537920206906,-79.54940407851223,17.84039699095113,79.73530497493654,-34.08992478500051
3303,3918,97,147,0,81.52537920206906,-79.54940407851223,17.84039699095113,79.73530497493654,-34.08992478500051
3305,3923,99,152,0,206.9809967033245,-206.1021557172259,19.0534617593232,207.2215893614002,-27.09187058112312
3401,3402,101,102,0,18.05213332385826,0.002154690848950314,-18.05213319526701,-7.224109779933574e-13,-4.77017483422874e-13
3401,3402,101,102,0,18.05213332385826,0.002154690848950314,-18.05213319526701,-7.224109779933574e-13,-4.77017483422874e-13
3401,3404,101,104,0,518.1428462458971,-509.6890696717883,93.21513489185263,516.8204208961379,-45.22180723901279
3401,3405,101,105,0,292.0396702180612,290.6507875947017,-28.44799907996223,-288.4114919493117,31.13589272957229
3401,3405,101,105,0,292.0396702180612,290.6507875947017,-28.44799907996223,-288.4114919493117,31.13589272957229
3401,3804,101,117,0,632.4358884972164,-617.114322398273,138.3656971585946,627.737464402521,-57.99760061406329
3403,3404,103,104,0,707.0707203428506,706.6744080368802,23.67033146963902,-693.687377602115,78.33525511782267
3403,3804,103,117,0,590.7817956330917,589.7315181895027,35.21173817584846,-580.6554943999554,30.69274112097806
3404,3804,104,117,0,114.0741831839349,-111.9286690621764,22.0202704581876,112.2870060225129,-36.5410450594775
3404,3804,104,117,0,114.0741831839349,-111.9286690621764,22.0202704581876,112.2870060225129,-36.5410450594775
3404,3917,104,146,0,15.1435486503909,-10.36741021730544,-11.03829113191289,10.37038108057489,-6.85948636107941
3404,3918,104,147,0,8.808626253755261,-6.294019946379076,-6.162565163381948,6.295279680856361,-11.72760503978538
3405,3907,105,136,0,67.92897173344792,67.90918945014823,1.639264770390536,-67.78440542440225,-18.42732978636435
3405,3907,105,136,0,67.92897173344792,67.90918945014823,1.639264770390536,-67.78440542440225,-18.42732978636435
3501,3914,108,143,0,193.7930992652366,185.0401869751798,-57.58380438123508,-184.0805878297254,48.16842131983252
3501,3915,108,144,0,192.0417502489055,182.6072978480149,-59.45257447166923,-181.6663080011539,49.8560551372956
3601,3925,110,154,0,208.9573554545022,208.5163035678689,-13.56936052036022,-207.3947037286101,5.546269409555199
3701,3926,112,155,0,9.999160275041151,-0.4349130800267116,-9.989697533898747,0.4349498537779703,-7.815855620320122
3701,3926,112,155,0,9.999160275041151,-0.4349130800267116,-9.989697533898747,0.4349498537779703,-7.815855620320122
3801,3802,114,115,0,276.0613693105533,124.7660808991293,-246.2586134182714,-124.4235262028275,108.2997335924603
3801,3803,114,116,0,248.1616952863177,98.42766490034899,-227.8074225955858,-98.16541640068837,73.9635818735853
3801,3803,114,116,0,248.1616952863177,98.42766490034899,-227.8074225955858,-98.16541640068837,73.9635818735853
3802,3891,115,123,0,98.40567290110704,-43.05877410777546,88.48513113204523,43.21367704003289,-206.0188422990293
3802,3901,115,130,0,123.6253862426642,49.76622112736526,-113.1660698193151,-49.71316951974231,25.34969023273435
3803,3901,116,130,0,171.825322451197,84.622952519292,-149.5422928217147,-84.34036861009363,86.43893941296817
3804,3806,117,119,0,370.2823496247597,-364.3965081029566,65.758674910651,368.1036841097747,-49.14820105253297
3805,3806,118,119,0,191.1435803522484,171.7570695447309,-83.87715643298212,-170.7759534622309,75.62048687160907
3892,3893,124,125,0,627.3527749366946,626.7520607055492,27.44737914844457,-622.2718276985702,-149.2031715951713
3894,3895,126,127,0,631.64515552896,631.06848824809,26.98454452968166,-626.5298539439185,-147.5754852431711
3896,3897,128,129,0,668.7339018264317,667.6506487863538,38.04789911630382,-663.0476888058718,-137.2037939346746
3901,3902,130,131,0,327.9561806041241,-306.4820363644209,116.7219678653624,307.007756850176,-161.9099823567788
3901,3903,130,132,0,110.5168075887718,31.77506476204826,-105.8504134095907,-31.7619470774805,-56.38602971747524
3901,8002,130,238,0,193.6808370954367,174.9853048392877,-83.0205381113049,-174.8046523548948,-46.78023413208726
3903,3904,132,133,0,50.63752034031747,50.63430740286189,0.5704209397902338,-50.63380227714395,-115.6249844294438
3903,3905,132,134,0,671.1128403856151,-606.5402097223071,287.2306016434665,610.398555044654,-293.2227360193211
3903,8002,132,238,0,137.1624084474414,28.72859493637984,-134.1200735314596,-28.71501807419427,-156.0048926032153
3904,3905,133,134,0,566.1426504356224,-514.6900746507915,235.8211773743697,519.2426824489892,-256.2529750017626
3905,3906,134,135,0,2279.588025859659,-2221.200409671114,512.630771335093,2254.303353974356,-368.8637646518565
3906,4001,135,159,0,1140.389913047172,-1107.77891026179,270.7675012975861,1113.976947463084,-303.4482391124265
3906,4001,135,159,0,1140.389913047172,-1107.77891026179,270.7675012975861,1113.976947463084,-303.4482391124265
3907,3908,136,137,0,90.39887698269543,88.4118308073492,-18.84953933190831,-88.20101076909827,2.928004905426079
3907,3923,136,152,0,873.4357432509794,-865.0979468116607,120.3974252658252,885.4773458191067,49.9841930442523
3907,8004,136,240,0,463.5851235349543,463.5837768580143,-1.117406361923834,-438.2249391960194,158.0966433656091
3908,3920,137,149,0,108.856444243461,-106.6109642290598,21.99608509439475,106.9389728353974,-36.76086698981217
3909,3919,138,148,0,164.99130399558,-161.6628802822237,32.97337612403813,162.4061421553462,-43.86256790875022
3909,3920,138,149,0,8.392542478845025,-4.499109714238537,7.084686375448291,4.50648239429592,-24.80486350221581
3910,3911,139,140,0,137.7675008591275,-135.8568985458855,22.86454483392723,139.8986175161409,-19.70687518160948
3910,3924,139,153,0,103.077707649104,-102.2886739206532,12.72953266025263,103.6184968190043,-18.23735588797151
3911,3912,140,141,0,158.995539090588,158.5869160193334,-11.39173025416193,-155.7007927076072,17.50808815104178
3911,3916,140,145,0,135.2162206182034,134.5692431982103,-13.21155188959978,-132.0598085794554,14.0237820700069
3911,3921,140,150,0,147.9514109487926,-144.0146078564408,33.90298992263214,146.0651310539104,-30.34326073899356
3911,3921,140,150,0,151.3260580092147,-147.4273672172502,34.12839328181526,149.4482571177782,-29.77333390986734
3911,3921,140,150,0,148.7847394806288,-144.813514154121,34.14593417455114,146.8716273810674,-30.36711063152824
3911,3924,140,153,0,53.54453908097666,48.15934459531489,-23.40288857265169,-47.40125191573741,-8.772533110908363
3911,8003,140,239,0,25.84283352041223,-25.4675468074711,-4.388177750844982,25.54250652732673,-8.458520163495596
3911,8003,140,239,0,25.84283352041223,-25.4675468074711,-4.388177750844982,25.54250652732673,-8.458520163495596
3912,3924,141,153,0,19.74595367676535,-7.88726473061713,-18.10231315810568,7.906527198323894,-11.09707910544288
3913,3920,142,149,0,26.07454021099636,18.82183868019239,-18.04494488524917,-18.81000147665559,0.4661131570589228
3913,3920,142,149,0,26.07454021099636,18.82183868019239,-18.04494488524917,-18.81000147665559,0.4661131570589228
3913,3923,142,152,0,827.7749575223753,-823.5534973529614,83.4926182298536,842.0625732370411,69.69312610242433
3913,8004,142,240,0,472.1454132388694,472.114192497283,-5.429593460026672,-445.5052918504519,170.8678930239124
3915,3924,144,153,0,29.68025053344336,-29.53565648331122,-2.926135305791727,29.55917411144418,-15.29804541425978
3916,3924,145,153,0,19.56748588530355,-13.64624637682713,-14.02378207526365,13.68296476599728,-7.722359010808387
3919,3922,148,151,0,348.0832998125381,-341.37211714848,68.02250540776737,344.6691457018986,-55.08919413375902
3920,3922,149,151,0,506.5778763067071,-495.1181230729453,107.1409770729071,502.0625866436366,-60.49290219532926
3923,8005,152,241,0,186.8172194710093,186.8042657494791,-2.199951971583924,-182.8022727967179,15.89344003967797
3923,8005,152,241,0,186.8172194710093,186.8042657494791,-2.199951971583924,-182.8022727967179,15.89344003967797
4001,4090,159,172,0,482.3782930070437,-397.5495817418118,-273.2089815897343,398.828255455657,150.824770779115
4001,4094,159,176,0,896.1247766686921,-892.5577448959352,-79.87670114492703,898.1113545609689,57.44970348174881
4001,4097,159,179,0,945.348622886333,-942.4387777877458,-74.11591539626447,948.3123902169366,65.10948570769362
4001,4204,159,189,0,324.8542751795016,144.9734664160565,290.711186812121,-143.9517037543035,-413.8764813773774
4001,8001,159,237,0,920.2839633339017,893.5884241320489,-220.0506792235728,-885.6779203183389,258.9207914528196
4002,4003,160,161,0,175.6333462150386,-55.53843855212224,-166.6209895117771,55.58262734269633,-97.56803891103345
4002,4090,160,172,0,419.1457874184174,399.0086993202729,128.3559464043223,-398.8282554565715,-150.8247707789294
4002,4091,160,173,0,507.8081372894147,-504.5417232580961,57.50438060787906,505.8933667386243,-154.2696584933145
4003,6101,161,198,0,112.2895840104403,-55.58262732221397,97.56803891232823,59.45586581278256,-642.4785393781056
4004,4005,162,163,0,1224.014491365225,-1206.948399280707,203.6836678425909,1215.302347097586,-141.0721489802009
4004,4005,162,163,0,710.805235558988,-707.6069061439396,67.35391061750082,712.5763625157448,-134.1808917214984
4004,4005,162,163,0,710.5698521593421,-707.3948469788573,67.09728210224534,712.3148169100609,-133.7452759210397
4004,4091,162,173,0,552.767562139398,506.9211038285449,-220.4154537385773,-505.8933667394201,154.2696584933775
4004,4092,162,174,0,904.0516862155193,902.7798048038389,-47.93824556099563,-898.1113545641991,27.01068020808286
4004,4095,162,177,0,954.3104718246359,953.5215937504965,-38.79493376295746,-948.3123902198221,28.32005013743479
4005,4006,163,164,0,1102.400410193015,1099.705187405899,-77.04002327545942,-1097.211608920714,88.62327732145864
4005,4006,163,164,0,1114.858926869024,1112.702783727088,-69.30326042504768,-1110.484259589827,84.62168750886001
4005,4102,163,181,0,1047.924069336705,-886.8018107562563,558.3255354491897,899.8301122963467,-479.5872493643943
4005,4102,163,181,0,1176.036452033094,-1055.368176636542,518.9024457963652,1059.746537813264,-589.5050315468472
4005,4202,163,187,0,1205.008250111229,1068.025284655915,558.0025754167953,-1065.274603508178,-584.2449533315325
4005,6202,163,204,0,165.7830545414926,-126.027941707469,-107.7078413212627,126.3063537949924,-98.66806273020411
4006,4007,164,165,0,675.3147709565139,641.2505605209211,-211.7728936942909,-641.2099096760347,211.3840364204435
4006,4007,164,165,0,675.3868733360429,641.2505605209203,-212.0027058936784,-641.2099096760334,211.1539902694518
4006,4202,164,187,0,739.6666816412318,490.7381815568175,553.428258306765,-489.6087431354334,-646.298909112374
4008,6401,166,217,0,632.0259003813915,628.9722454223129,-62.05363197527164,-607.2515264979891,167.3464276117958
4009,4010,167,168,0,850.1036956602476,819.5839397257688,225.7398040195797,-819.2063282806303,-217.9281139824241
4009,4010,167,168,0,959.7698743467148,926.78911112157,249.4396825086153,-926.3078048643775,-240.5145827081523
4009,4104,167,183,0,949.3754507784613,696.97175531084,644.6271161219742,-680.2073063314955,-558.0483115414472
4092,4093,174,175,0,898.5174355674174,898.1113545509347,-27.01068020863417,-898.1113545509345,31.17822807922079
4095,4096,177,178,0,948.7351657104609,948.3123902047437,-28.32005013805381,-948.3123902047431,33.84787159705196
4101,4102,180,181,0,1527.527823382614,1526.606161454181,53.05543344611952,-1496.069817477457,342.3986694762531
4101,4102,180,181,0,1527.527823382614,1526.606161454181,53.05543344611952,-1496.069817477457,342.3986694762531
4101,4103,180,182,0,531.7408168835608,529.7931523690902,-45.46990260401436,-527.3099356255282,-100.8612371444565
4101,4103,180,182,0,2037.16662371473,1997.767397578752,398.7145319005683,-1901.591218908659,495.8862487933145
4101,4201,180,186,0,3650.409434994055,3432.082921269656,1243.501453405972,-3401.084593701053,-77.5711645203927
4101,4201,180,186,0,3650.409434994055,3432.082921269656,1243.501453405972,-3401.084593701053,-77.5711645203927
4102,4201,181,186,0,897.4370155761677,-85.08435171594417,893.3945656983459,87.12348384304825,-916.4950669385872
4102,4201,181,186,0,897.4370155761677,-85.08435171594417,893.3945656983459,87.12348384304825,-916.4950669385872
4102,4202,181,187,0,3408.012121089445,3387.634640762909,-372.1265351943229,-3361.776407057785,1307.813365904367
4102,4202,181,187,0,3408.012121089445,3387.634640762909,-372.1265351943229,-3361.776407057785,1307.813365904367
4102,6202,181,204,0,932.9492209587714,757.1750871377102,-545.0505814193574,-744.7118771809742,553.1615456960172
4103,6202,182,204,0,398.819854138369,72.25321722999217,-392.2202807796474,-71.87954013489598,-39.88790424631947
4104,5004,183,195,0,533.9742867208498,497.5431261386682,193.8540082412577,-490.7113868141588,15.86033095823454
4201,4202,186,187,0,1170.09462926971,1075.020663982852,-462.0086724896923,-1055.760268184557,750.1191009009502
4201,5001,186,192,0,5859.407586582,3840.796248792157,4425.03575589608,-3446.71507745557,4821.386547536585
4202,4203,187,188,0,5589.494517490018,5546.466436577527,-692.2131383973832,-5344.763918536244,1100.59018350725
4203,4204,188,189,0,1001.382246347311,853.2266860264499,-524.1856785070621,-846.036528693363,534.7564413651064
5001,5002,192,193,0,4057.080803748703,-3736.63400230318,1580.338881688967,4515.811176856151,-409.7143415596015
5003,5004,194,195,0,532.901889691129,-483.930400548701,223.1497063882227,490.7113868141438,-15.86033095819328
6102,6103,199,200,0,2077.719746324255,1749.379596868303,-1120.977417402608,-1694.597226199325,1070.042299586054
6102,6301,199,210,0,979.6812584886554,936.227447932516,-288.5368849413947,-936.2274479325165,309.062088741067
6102,6403,199,219,0,211.7484264097853,201.0085894748378,-66.5803502871257,-198.2345071678729,-5.622260594612522
6103,6301,200,210,0,301.7896513192179,-229.4307309198458,-196.0574746164002,229.4307309198455,196.8078714869137
6103,6301,200,210,0,301.7896513192179,-229.4307309198458,-196.0574746164002,229.4307309198455,196.8078714869137
6103,6501,200,222,0,367.4492806091116,328.4307506089873,-164.7792944352256,-320.275537573905,141.2721423774945
6103,6501,200,222,0,367.4492806091116,328.4307506089873,-164.7792944352256,-320.275537573905,141.2721423774945
6104,6204,201,206,0,549.9934518071036,-525.9108715829708,160.9675500886214,557.3713237166063,84.51723658140406
6104,6305,201,214,0,152.7365235349212,-139.798393835139,-61.52117279968681,141.990119558674,43.9934626295206
6201,6202,203,204,0,724.5087379168176,-714.2609773148517,121.4255640425558,723.7013597909128,-472.8999309151433
6203,6205,205,207,0,811.7652851826144,-791.5006363356587,180.2487750523113,795.6871532067398,206.9606060180892
6203,6303,205,212,0,80.77942597262175,59.58118634922738,-54.5472079366572,-59.11301729398892,20.8279401593499
6203,6303,205,212,0,80.77942597262175,59.58118634922738,-54.5472079366572,-59.11301729398892,20.8279401593499
6203,6304,205,213,0,836.7900450552274,812.570668592204,199.8661753452748,-744.2758167405948,373.4721444667679
6204,6205,206,207,0,1377.797518227045,-1371.533843012256,131.2284980659252,1383.63417704655,246.0505775910537
6302,7001,211,233,0,894.5717465359352,850.1617356166437,-278.3588205781333,-850.1617356166438,304.5457498441011
6303,6304,212,213,0,811.1178346207729,786.043312208204,200.1200963737706,-725.1008385932467,306.5199556003777
6303,6305,212,214,0,133.3389994345228,129.0555540515805,-33.5254043769685,-127.5135596242095,8.187501123751984
6303,6305,212,214,0,133.3389994345228,129.0555540515805,-33.5254043769685,-127.5135596242095,8.187501123751984
6305,6510,214,231,0,551.7424658720098,540.1542498799583,112.4861546286715,-525.9515800603077,-24.69119755758471
6305,6510,214,231,0,551.8135504674883,540.0368451649215,113.3948867623835,-526.0363458408015,-25.55375488795089
6401,6403,217,219,0,622.6395495534897,-536.951510293728,315.219105165688,559.229806139763,-192.5145288797788
6401,6403,217,219,0,622.6395495534897,-536.951510293728,315.219105165688,559.229806139763,-192.5145288797788
6401,6404,217,220,0,244.9235004903512,-228.6880801751341,87.68855728234161,234.3899729509644,-74.83381922122562
6403,6404,219,220,0,300.003423380665,241.9900921146132,-177.3213167063666,-237.0092420456367,118.3197121331713
6404,6507,220,228,0,138.3124617097122,-133.3152421508656,36.84268278039286,135.3544729861987,-53.94441681087557
6501,6502,222,223,0,287.2733030775126,-257.6356972298582,-127.0818561949314,259.2962239884612,65.05572476764544
6501,6504,222,225,0,279.7282181430776,-250.1777975876423,-125.1357088112657,251.5922938992866,84.51705309253192
6501,6509,222,230,0,65.46395451664523,-29.01641853275988,-58.68199720944325,29.04986484204273,17.26675986261951
6501,6509,222,230,0,65.46395451664523,-29.01641853275988,-58.68199720944325,29.04986484204273,17.26675986261951
6502,6503,223,224,0,767.2332214775732,-757.9072274050608,119.262109599103,786.2785166694659,93.78449330337747
6502,6503,223,224,0,861.7389367097073,-848.3233089638363,151.4647104451212,881.8927075472175,115.3857230961979
6502,6504,223,225,0,110.2019307620979,106.1742474618816,-29.52108940397281,-106.0006277436819,-14.46039060802576
6502,6504,223,225,0,99.90207791068222,93.56311257750602,-35.01955361909911,-93.39381376660893,-7.371824967770424
6502,6504,223,225,0,110.2019307620979,106.1742474618816,-29.52108940397281,-106.0006277436819,-14.46039060802576
6502,6504,223,225,0,99.90207791068222,93.56311257750602,-35.01955361909911,-93.39381376660893,-7.371824967770424
6502,6508,223,229,0,729.8670627974032,-724.2610457483464,90.28769001375572,730.0598695207441,-40.22616001026782
6502,6509,223,230,0,34.16284625840564,33.48612027514606,-6.766078139802377,-33.47788359205619,-15.8317586125747
6502,6509,223,230,0,34.16284625840564,33.48612027514606,-6.766078139802377,-33.47788359205619,-15.8317586125747
6503,6504,224,225,0,1381.769611264267,1362.452167507295,230.2419376831184,-1310.05205857181,275.9590040642883
6503,6505,224,226,0,667.0853958148107,657.4236803462711,113.1239578045542,-618.977320316581,82.1202364679618
6503,6507,224,228,0,1007.261163408723,983.1717790380493,218.9710122702331,-953.3413161069947,40.31610526427634
6503,6507,224,228,0,1012.724613596988,988.5383571539888,220.0069531184462,-958.3889387213355,41.30352498662732
6503,6508,224,229,0,895.1088196148905,887.9874797516791,112.6855570009924,-864.5329870207958,83.34917251027004
6504,6507,225,228,0,293.5761666366353,-273.3655364431579,107.0432113784241,276.5996555451139,-140.6495333914239
6504,6507,225,228,0,287.0978739626055,-269.5025508596739,98.96243890475313,272.0978341697792,-132.1054427302317
6504,7002,225,234,0,504.7425610002276,503.6215034030368,-33.6219302707847,-484.272649180555,79.96963568856737
7001,7002,233,234,0,2134.95878018343,-2122.227429263022,232.8083580243206,2122.227429263022,-64.38378830102529
8001,8002,237,238,0,886.0457056275293,876.8220817103004,-127.5148206531367,-866.1633057209034,151.4499837055862
8003,8004,239,240,0,582.2013866900161,571.3856873458245,111.6998252465835,-516.2898298416213,256.3767692079553
8003,8005,239,241,0,106.3009072410455,105.3621188610406,-14.09633957385106,-101.7702099488863,2.341081996116095
8003,8005,239,241,0,106.3009072410455,105.3621188610406,-14.09633957385106,-101.7702099488863,2.341081996116095
8004,8005,240,241,0,371.9779798066946,-348.0675811661426,131.2119522079462,371.0926037995203,12.03493091006851
2404,3893,37,125,0,649.2028939848748,-622.2718277009051,-185.0463996086161,622.2718277009051,149.2031715948413
2404,3895,37,127,0,652.942707134769,-626.5298539462794,-183.8328613565443,626.5298539462794,147.5754852428337
2404,3897,37,129,0,685.2661272483058,-663.0476888085052,-173.0821409608479,663.0476888085053,137.2037939343073
3803,3891,116,123,0,214.4814411155581,43.22181828729168,-210.0813247457921,-43.2136770399039,206.0188422992879
3803,3892,116,124,0,626.7724442979622,626.7520607037163,-5.054832824867117,-626.7520607037162,-27.44737914833639
3803,3894,116,126,0,631.0997866465411,631.0684882462405,-6.285208661170549,-631.0684882462405,-26.98454452956989
3803,3896,116,128,0,667.6516699558487,667.6506487843551,1.167721141007938,-667.6506487843551,-38.04789911617714
4093,4094,175,176,0,898.652372775874,898.1113545599779,-31.17822807906345,-898.1113545599781,-57.44970348133841
4096,4097,178,179,0,948.9162596600351,948.3123902151394,-33.84787159689968,-948.3123902151393,-65.10948570716202
1001,1002,1,2,100,118.166155059895,-110.6967329048878,41.3457800243639,110.6967329048878,-40.04745382680791
1001,1002,1,2,100,118.166155059895,-110.6967329048878,41.3457800243639,110.6967329048878,-40.04745382680791
1002,1003,2,3,430,1161.620000107846,1160.797534013022,-43.70480156503965,-1157.579501730248,202.3078212160569
1002,1003,2,3,430,1153.249419339069,1152.407818996894,-44.05044745201305,-1149.12271826767,201.5087237837926
1002,10321,2,244,1100,949.2026760827752,-938.9349816195233,-139.2365633511799,940.6769808892232,209.0009482007011
1002,10322,2,245,650,640.9264219700624,-636.6529562319023,-73.88972662370588,637.9999986885076,127.718942714284
1002,1032,2,5,900,877.2953685670784,-871.1775127027687,-103.4258433384191,872.999899971231,176.2623359279281
1004,10341,4,246,2900,882.4747998398643,-882.0014338439702,-28.90057178654528,882.5568980487926,51.17081106826662
1004,10342,4,247,1700,1680.20994547692,-1678.558105086529,74.48589616748613,1681.999998666042,63.23667549710219
1004,1034,4,6,2100,879.5779515444384,-879.5446409452502,-7.654895662342387,880.3082105485508,38.21051289694566
1101,1102,7,8,100,953.0990889094363,-943.4028279071011,135.6059643853543,943.4028279071011,-24.86659639509483
1101,1102,7,8,100,953.0990889094363,-943.4028279071011,135.6059643853543,943.4028279071011,-24.86659639509483
1101,11311,7,248,5000,1157.903248443022,-1126.080795553906,-269.5959470014065,1126.640537205618,291.9856130699118
1101,1131,7,9,1700,1117.24313977446,-1116.27595109483,-46.47832161800007,1117.808046478567,107.7829818026396
1202,12321,11,249,2000,1226.597707964188,-1196.07759895422,271.9196838459987,1198.999998642705,-154.8410463260622
1202,1232,11,12,2000,1461.909051767275,-931.2480474014736,1126.922867746518,932.2459374575715,-1087.007265502597
1301,13311,13,250,2400,2326.092135576043,-2323.18132928152,-116.3320010421208,2327.999998624264,309.4031082653419
1301,1331,13,16,2200,878.1946920094576,-871.7896970858567,-105.8708700660219,872.5425782427458,135.887053031466
1302,1303,14,15,1500,1885.616402559701,1848.143343432402,-374.0526697253851,-1848.143343432402,600.0287065356388
1303,13331,15,251,7100,1166.663446920576,-1147.1929297805,-212.2545176014743,1147.5889298735,228.1850356284614
1303,13332,15,252,2500,2419.155535217695,-2418.135213819583,70.25376331651651,2422.999998741046,124.3376335420081
1303,1333,15,17,450,417.3341823663784,-417.1950226398264,10.77649553279114,417.9999909220249,21.39617563091001
1401,1403,18,20,430,529.5913141778399,-505.899665041594,156.628506228638,506.5486795904324,-124.6413606073154
1401,14311,18,253,3066,4210.51011083001,-4201.502088648627,275.2736683429191,4209.999998438986,65.52181738768041
1401,14312,18,254,3066,1067.831877129976,-1066.809088287081,46.7256563679479,1067.751456126891,-9.03094277555061
1401,1431,18,21,3066,1083.346158166675,-1073.677071931728,144.4176014985864,1073.938958336156,-133.874248846233
2000,20301,22,255,2200,922.7793810547167,-906.1501725082529,174.3951001690978,906.9524334598176,-142.4102227580406
2000,2030,22,23,700,699.789722166811,-697.5551289102309,55.87931085235032,698.9999643131631,1.938388212883346
2100,21301,24,256,600,585.3703158452578,-584.7977187326561,-25.88503115428078,585.9999986274801,73.93874579943964
2100,21302,24,257,400,395.5298131907606,-395.1772889176547,-16.69561159138675,395.9999985919259,49.60399856223483
2100,21303,24,258,120,114.8961379437139,-114.7686190179469,-5.411709812462373,114.999989669775,14.6679798694921
2100,2130,24,25,900,745.6180848297944,-743.7867014349489,-52.22711167361882,745.0871279048691,104.2020703329073
2100,2400,24,33,430,932.334888025867,919.2210373564516,155.8237077967761,-917.1731312470838,-54.89119240650204
2201,2202,26,27,100,65.06244800049184,1.052514266785687,65.05393418952399,-1.052514266785692,-64.87901168482087
2201,2202,26,27,100,65.06244800049184,1.052514266785687,65.05393418952399,-1.052514266785692,-64.87901168482087
2203,22331,28,259,1900,763.3361194688716,-758.383313208447,86.81463893131158,759.024445529409,-61.25191616446632
2203,22332,28,260,750,732.3243147756411,-731.5109194025744,34.50618504576548,732.9995716444298,25.09802018144032
2203,2233,28,29,1100,754.3402132127653,-752.6448743138264,50.54552837793489,753.7215935996167,-7.424581121902563
2301,2302,30,31,100,556.9747160328914,-547.1507967772606,104.148163142366,547.1507967772606,-91.3291193186586
2301,2302,30,31,100,556.9747160328914,-547.1507967772606,104.148163142366,547.1507967772606,-91.3291193186586
2302,2332,31,32,100,1342.290545614616,-1332.999998667539,157.6544081170144,1332.999998667539,-150.1485556422431
2401,2431,34,45,100,1849.463654571812,-1665.999998583923,803.0939012970344,1665.999998583923,-799.9998991563454
2402,2409,35,42,100,1241.580274369822,-1224.754538435022,-203.7103293577831,1224.754538435022,273.1986017810236
2404,2411,37,44,1120,318.6328521273307,-244.9208187777154,203.8153256849221,244.9208187777154,-193.2048283518556
2404,2411,37,44,1120,318.6328521273307,-244.9208187777154,203.8153256849221,244.9208187777154,-193.2048283518556
2404,2411,37,44,1120,318.6328521273307,-244.9208187777154,203.8153256849221,244.9208187777154,-193.2048283518556
2405,2619,38,72,100,843.1646750293132,-841.8558056961627,-46.96244917965871,841.8558056961627,54.88631521131202
2408,24381,41,261,100,0,0,0,0,0
2408,24382,41,262,5500,5448.568334734974,-5439.731670491706,-310.1874454683276,5450.999998451157,765.4278950302096
2408,24383,41,263,1200,310.18198105862,-278.5815960478487,-136.4007174353688,278.7503984514098,143.1633637280407
2408,24384,41,264,4200,576.4908126601077,-281.4399811250536,-503.1234382394056,281.6081781043208,509.7980550333294
2408,24385,41,265,1500,328.8027513240718,-279.3840326052797,-173.3661201143158,279.5363219498298,179.4458390371691
2408,24386,41,266,3300,3209.118217396859,-3203.398125163591,-191.5207167039096,3209.99999845279,454.7269807337597
2408,24387,41,267,5900,764.088571891828,-281.7535719730735,-710.2438105158731,281.9604045101889,718.5909807637444
2408,2438,41,47,2300,390.3154297886186,-280.515488475239,-271.3985914786076,280.6555568528634,276.9859062117353
2409,2439,42,48,100,1846.82064866484,-1665.999998572018,-796.9884021068671,1665.999998572018,799.9986609389993
2411,2434,44,46,100,1571.454288020555,-1488.999998563409,502.3420981924156,1488.999998563409,-499.9987194025207
2501,2502,49,50,100,126.738457200233,-4.559384970915714,126.6564192695431,4.559384970915714,-125.9156056709651
2501,2502,49,50,100,126.738457200233,-4.559384970915714,126.6564192695431,4.559384970915714,-125.9156056709651
2501,2502,49,50,100,126.738457200233,-4.559384970915714,126.6564192695431,4.559384970915714,-125.9156056709651
2503,2533,51,52,100,1999.920726378768,-1998.999998620205,-60.67880450205738,1998.999998620205,77.85413099387242
2601,2612,54,65,100,417.6220127145124,-336.6321329028605,247.1577484138242,337.0460004345777,-225.0954253769045
2602,2615,55,68,100,108.3341813421432,-32.07181705943251,103.4779850865809,32.08616250591225,-101.9485397926638
2602,2615,55,68,100,108.3341813421432,-32.07181705943251,103.4779850865809,32.08616250591225,-101.9485397926638
2603,2607,56,60,100,65.5758022888719,60.78629730836551,24.60105496453787,-60.77854251178125,-23.6945192438389
2604,2634,57,77,100,820.0870354702075,-584.8531268243833,-574.8822190588742,584.8531268243833,577.6746206279616
2605,2621,58,74,100,58.12690432518384,30.19958817638454,49.66610393825804,-30.18044950089752,-49.18244690179802
2606,2621,59,74,100,58.12690432518384,30.19958817638454,49.66610393825804,-30.18044950089752,-49.18244690179802
2608,2638,61,79,100,410.984372063034,-406.9999985330012,57.08901185152295,406.9999985330011,-56.2651847638161
2610,2630,63,75,100,712.6500910047234,-645.0433829373558,302.9673024234998,645.0433829373559,-300.3556295939507
2611,2631,64,76,100,555.2563492467393,-519.9999985739073,194.7039158875684,519.9999985739073,-193.1913959224568
2612,2637,65,78,100,228.3754498090052,-199.9999985406583,110.2512886963328,199.9999985406583,-109.9985894252886
2614,2621,67,74,100,81.69145028053792,79.29064132379999,-19.65927891348262,-79.27104454154617,20.52806959340183
2614,2621,67,74,100,81.08211915216725,78.70249948685765,-19.49940052225759,-78.68319395653045,20.3617142102056
3102,3104,83,85,250,23.78951333515118,22.77053733912232,-6.887929588125336,-22.76636167081065,7.028213276348964
3103,31331,84,268,3200,0,0,0,0,0
3103,3133,84,87,3200,85.15371042597673,-79.9952822011535,29.18748404485922,79.99998519714157,-28.99906273123533
3105,31351,86,269,40,38.2399432355976,-37.92436459653402,4.902634864119872,37.99998342331215,-1.877881792994479
3105,3135,86,88,600,467.1464938723802,-461.3582284656485,73.31051605531268,462.1111638061311,-43.21657524038696
3204,32341,92,270,3900,570.5825843915953,-481.1651865206031,306.6668369608706,481.339634015094,-299.6780342128232
3204,32342,92,271,1100,483.2584826551245,-475.4407438423424,86.57286037075005,475.8845901055328,-68.79750187443146
3204,32343,92,272,1800,1742.23931620507,-1736.4675311161,141.6980885907298,1739.999998487108,-0.5010474876844029
3204,3234,92,94,200,177.3717742929113,-176.6707268724601,15.75438295116951,176.9999776221781,-2.584352962447578
3301,3303,95,97,840,227.4589970559748,225.0781384943535,-32.82418184245537,-224.9456770323288,40.50694663988926
3301,3303,95,97,840,227.4589970559748,225.0781384943535,-32.82418184245537,-224.9456770323288,40.50694663988926
3301,3303,95,97,840,227.4589970559748,225.0781384943535,-32.82418184245537,-224.9456770323288,40.50694663988926
3303,33331,97,273,350,327.5444276399588,-311.3525337929812,101.7101360665628,311.9999631253903,-75.80298836872166
3303,3333,97,100,1100,555.4160774852446,-496.1232279948071,249.6973403404769,496.7150845748583,-225.9943968636244
3402,3432,102,106,100,0,0,0,0,0
3403,34331,103,274,1500,1423.597893697261,-1423.18504743865,34.28241074261145,1425.999998485413,78.09650320213186
3403,3433,103,107,1000,358.142155426412,-357.328688787212,-24.12491788769496,357.5953934427563,34.79310410946648
3501,35311,108,275,600,464.2876096381178,-460.8225563272787,56.61763014706036,461.5780759192315,-26.42039983751816
3501,35312,108,276,30,24.12641988864991,-23.9592167620702,2.835501506184805,23.99998506503016,-1.20470578668965
3501,3531,108,109,1500,490.0404806211207,-469.2865566214724,141.102092194767,469.6236233403835,-127.6456621649465
3601,36311,110,277,250,210.5175297694723,-209.6336835346596,19.27041950583476,209.9999452914813,-4.619949232966203
3601,3631,110,111,100,96.12749746431032,-95.80904647700376,7.818080449721681,95.99996599301707,-0.18129980918897
3701,3731,112,113,100,418.1181245469155,-399.9999677743238,121.7488885171848,399.9999677743238,-120.9999381339067
3701,6402,112,218,250,55.26230051774906,35.17206321705254,-42.62449797440045,-35.14877517467643,43.40687153287883
3701,6402,112,218,250,55.26230051774906,35.17206321705254,-42.62449797440045,-35.14877517467643,43.40687153287883
3801,3831,114,120,100,890.9071033092997,-492.6560456959326,742.2974386094933,492.6560456959327,-738.5811558490598
3802,3804,115,117,840,144.3924449577555,117.7160791887193,-83.61879490469603,-117.6609939336175,86.81373970059867
3803,3805,116,118,840,759.5628699343075,-754.175580026041,90.30475001474998,755.707126664206,-1.475045001168307
3803,3805,116,118,1120,1110.629555052564,-1102.809555682986,131.5640241500371,1104.992536736607,-1.676651459528999
3805,38351,118,278,2100,2025.359702829509,-2020.636331714579,138.241603002456,2024.999998425238,36.37840436023709
3805,38352,118,279,1400,473.4811826652279,-464.5270686520893,91.64623738899469,464.8857912695522,-77.3314013189556
3805,3835,118,121,100,0,0,0,0,0
3806,3836,119,122,100,464.0929776149181,-463.964828129224,10.90550918116666,463.964828129224,-9.97237995873428
3901,3917,130,146,840,237.1121000097067,233.7752049230966,-39.63964598955642,-233.6300960804842,48.05595886107142
3902,3918,131,147,840,482.3753217518462,468.2336160928463,-115.9449515753669,-467.6155096181277,151.7951271090497
3902,3932,131,157,100,1514.505749388522,-1425.999998465911,510.1486737276811,1425.99999846591,-499.9935847574215
3903,3923,132,152,840,204.2844949874292,190.6000682451097,-73.51033177199334,-190.4939903226436,79.66285127502492
3904,3924,133,153,1120,577.9603884835315,565.3238769562854,-120.196192947819,-564.7558051550124,155.7006805273885
3905,3922,134,151,840,1092.180834979303,1091.559172339369,36.84493965092819,-1088.397827322508,146.5130713269967
3906,3921,135,150,840,176.9648912773592,-38.74553325613824,-172.671237898803,38.7731565025265,177.4776827703605
3911,3925,140,154,250,207.7126551957483,-207.0761354087547,16.24873141641874,207.3947036758507,-5.546269409488048
3920,3926,149,155,250,128.385500133762,127.8577616512707,-11.62881894790032,-127.7314973535788,15.87073187036011
3920,3926,149,155,250,128.385500133762,127.8577616512707,-11.62881894790032,-127.7314973535788,15.87073187036011
3921,39311,150,280,2900,314.0049610912731,-310.2431597440627,-48.45923464059193,310.3141355064183,51.30486753131817
3921,3931,150,156,600,303.3907787138621,-303.2259830535756,-9.998390360265951,303.5472598818095,22.83944766523942
3923,39331,152,281,350,344.633481229317,-344.2966679461139,15.23288631354502,344.9999985077903,12.91117177841368
3923,39332,152,282,100,0,0,0,0,0
3923,39333,152,283,2000,472.6462834055647,-471.9216916926816,-26.16153907955312,472.1532865176933,35.42533208002349
3923,39334,152,284,2800,475.2639292907592,-473.1758836599319,-44.50152365407713,473.3426107070717,51.19121225336328
3923,39335,152,285,750,464.860893953259,-464.7988814995898,7.59279156525281,465.3956922025532,16.30293546961734
3923,39336,152,286,1400,470.1926812837512,-470.0524639688624,-11.48210127130911,470.380673436095,24.57930922909
3923,3933,152,158,900,864.0649000024827,-863.2785903201681,36.85413017727699,864.9999985166506,31.94646863968455
4001,4008,159,166,1500,906.3551602285116,905.3473353901185,-42.73030277055596,-905.3473353901185,95.57417697546381
4001,40311,159,287,2000,1123.908797410617,-949.1785800916034,601.856301779974,951.9999984003764,-488.9995694290449
4001,40312,159,288,2000,523.2635902606696,-425.6398661322554,304.3607879661926,426.9999984353348,-249.9995289031936
4001,40313,159,289,2000,381.064703111479,-279.9474287697957,258.5338374035782,280.4105887138477,-239.9996554407568
4001,4031,159,169,2000,586.6143897491011,-284.5511414554337,512.9786449328276,284.8247695971551,-501.9997000554438
4005,40351,163,290,5000,173.6295257879717,-55.51805151281628,-164.5143099598823,55.55766872707049,166.0995375397675
4005,40352,163,291,5000,3581.426620655146,-3564.088100906191,-351.9838747957547,3571.999998305175,670.5237439896133
4005,40353,163,292,5000,257.9873735103687,-55.69204671160388,-251.9045073512005,55.74916662975996,254.1928740723295
4005,4035,163,170,5000,643.6725662243805,-640.5740290729207,-63.08158041111908,641.9999983541941,120.0647944173347
4006,4009,164,167,1008,203.1611575745788,166.3195074505162,-116.6716648910973,-166.2458711205797,121.0198901738451
4006,4009,164,167,1300,326.4622333413899,268.1370584611713,-186.2259586578589,-268.0514948341345,193.2136548658596
4007,4010,165,168,2500,1350.236637432675,1282.419819351852,-422.5380266899771,-1282.419819351852,458.4426966905019
4009,40391,167,293,2000,2916.467664502215,-2832.630518593875,-694.2535438999203,2838.999998288474,949.625241422894
4009,40392,167,294,2000,1323.714060163947,-1287.070584242768,-309.3028034995822,1289.999998340532,426.6624557912411
4009,4039,167,171,2000,49.74930792179263,-21.39644735175981,-44.91309029025624,21.43237268966682,46.34982364493322
4101,41311,180,295,5000,12855.69406835597,-12576.86630488068,-2662.950230162007,12612.99999730099,4125.413886541711
4101,41312,180,296,5000,788.3556438181733,-787.761501972012,-30.60126060747379,789.9999982907816,119.9980784497103
4101,4131,180,184,5000,146.4708928550133,0.08212306694687088,-146.4708698326963,8.502648946029367e-05,149.7624028951188
4102,41321,181,297,5000,5523.754978159067,-5523.662897109658,-31.89447963536729,5538.999998238305,640.6069822079385
4102,41322,181,298,5000,1196.692587455978,-1196.67270918939,-6.897532414479812,1199.99999794486,140.1970381804865
4102,41323,181,299,5000,32.66215131005607,-32.58211067579057,-2.28521161198067,32.58955853649594,2.583126040195002
4102,4132,181,185,5000,36.21497321158048,-33.98125335605202,-12.52192896750718,33.98292345861844,12.58851331982634
4103,4104,182,183,100,2345.384170775467,2345.383724806253,-1.446353369421871,-2345.383724806253,680.5607358001212
4201,42311,186,300,1000,318.0560877038019,-73.26787560908686,-309.5020086028198,73.60671128882052,323.0554357921657
4201,42312,186,301,3600,3598.955805435627,-3505.025872420114,-816.8699548547627,3516.999998314279,1298.958675637266
4201,4231,186,190,1500,471.1551521118731,-73.50426252502578,-465.3861845308844,74.00095326364453,485.2151495271179
4202,42321,187,302,600,601.3822126237619,-556.5216755043029,-227.9126814245642,557.9999983627758,286.9995089597432
4202,42322,187,303,700,126.5242499052544,-69.45256244642751,-105.7578714976448,69.50858305709981,107.9996374474068
4202,4232,187,191,900,561.8991471384738,-69.28137466970638,-557.6116414484368,70.14176123772519,591.9992499277788
5001,50311,192,304,10800,4199.314334502025,-337.022946863324,-4185.768318151609,342.3191929247202,4398.999790014776
5001,5031,192,196,2700,588.2623961846626,0.4202491226450278,-588.2622460736333,1.79747390860463e-06,604.9999816448216
5002,5003,193,194,100,199.2880034881607,130.3762769512347,150.7240350529142,-130.3762769512347,-146.3966863882214
5002,50321,193,305,9700,466.3167070577529,0.0616000944556383,466.3167029890892,1.914434255567699e-06,-463.8739464058018
5002,50322,193,306,110,5.328068412098522,0.0007011546206393826,5.32806836596381,1.915427706722372e-06,-5.299948966480728
5002,50323,193,307,4500,216.5035526228284,0.02859885109799398,216.5035507339581,1.914411940084904e-06,-215.3687132167606
5002,50324,193,308,600,540.46305668707,-539.67280722141,29.21603650897633,540.9999805866448,23.82952339118551
5002,5032,193,197,13100,13019.7243336826,-13003.90728158424,641.5739529060304,13038.99997927101,767.6749068313512
6101,6102,198,199,1500,645.223739134419,-59.45586579959493,642.4785393805939,59.45586579959495,-612.4749023083103
6102,61321,199,309,1300,249.0932588950803,-197.1470169378763,152.2514543098628,197.2781211286185,-146.9990926682562
6102,61322,199,310,2600,2782.208633143134,-2532.82209416357,1151.302357182099,2540.999998333312,-823.6750713818253
6102,61323,199,311,400,209.2107571354211,-190.2447144473231,87.04073486611098,190.5457650049749,-74.99871256003848
6102,61324,199,312,1000,1023.177821800418,-970.11972541292,325.2085075593946,972.9999983295701,-209.9975908933913
6102,6132,199,202,130,126.184845904416,-121.6629239749723,33.4775785531349,121.9998892001005,-19.99844386122908
6103,6104,200,201,100,1133.210008797631,1093.718891885893,-296.5533840154593,-1089.493774545675,551.4687968753178
6201,6203,203,205,100,807.8002246107138,777.0187066454474,220.8690390347997,-775.3682324546526,-121.2904295235159
6201,62311,203,313,250,130.6781938397048,-128.4956061136808,-23.78380866651216,128.6395806836744,29.54279146625684
6201,6231,203,208,2500,323.850003431984,-136.6843482185147,-293.5919169101491,136.7727716481268,297.1288540946365
6202,6204,204,206,100,137.4377947696318,-118.1913537697966,70.14236469639602,118.2416442954706,-67.10816964739897
6205,62351,207,314,2700,2667.857371805878,-2665.248908516103,-117.9458009116491,2670.99999827235,346.9999563647814
6205,62352,207,315,750,190.7834892745636,0.105240113322469,-190.7834602482512,6.944466155456297e-05,194.9999537515575
6205,6235,207,209,250,62.63645918664472,0.03401814981451867,-62.63644994893702,6.944665908448222e-05,63.99995380788113
6301,6303,210,212,100,636.7402939437331,-52.9005963802831,-634.5389892151325,54.19982297060743,712.9256601646995
6302,6304,211,213,100,1506.720703741076,-1463.587500616559,357.9370155781267,1469.376655333973,-8.6580142941445
6303,63331,212,316,1500,1490.854867430417,-1485.855441364571,-121.9911599594964,1488.99999844128,247.5286571476622
6303,6333,212,215,4600,715.0478067214201,-249.9351473238786,-669.9446156431922,250.1690505399742,679.3613858615577
6305,63351,214,317,420,308.4756658809258,-307.9380749371886,-18.20380302736107,308.4126081198505,37.19310568144236
6305,63352,214,318,400,399.2269648682618,-399.1651117078184,-7.0273091015846,399.9999984250638,40.42277779140092
6305,6335,214,216,3000,401.0547828568016,-319.2888862119561,-242.6922866385433,319.4007767320482,247.1854324634406
6401,6402,217,218,250,109.7726947209356,106.1230261359859,28.07040844085775,-106.0343935762575,-25.09275278256721
6401,6402,217,218,250,109.7726947209356,106.1230261359859,28.07040844085775,-106.0343935762575,-25.09275278256721
6403,64331,219,319,800,347.8021808407346,-339.5453448502973,75.33469179643427,339.9544117158052,-58.99815563397716
6403,64332,219,320,1400,491.1961828133681,-343.1215370475237,351.4844247254329,343.5881409438749,-332.8645832079101
6403,64333,219,321,160,156.8768224112044,-151.5844114979629,40.40425225954326,151.9999984556734,-23.78609176248296
6403,6433,219,221,400,345.1310008854333,-330.0280537851715,100.9796587781562,330.8323820359656,-68.80652874638822
6501,6510,222,231,100,508.307892178706,502.5802522674427,76.09207108465799,-501.869337049639,-33.20018627716617
6501,6510,222,231,100,508.307892178706,502.5802522674427,76.09207108465799,-501.869337049639,-33.20018627716617
6503,65331,224,322,3300,3250.186246073204,-3232.173856194177,-341.7057176845152,3238.999998377192,613.8532284021494
6503,65332,224,323,300,276.4489276194844,-274.458720722069,-33.11223643259767,274.9999983310885,54.77178810300604
6503,65333,224,324,1450,262.2774295407748,-103.596325466602,-240.9507240004354,103.696924897934,244.9846442207633
6503,65334,224,325,400,101.8932172600947,-100.327667162623,-17.79288974053381,100.3828387918899,19.99975491121192
6503,6533,224,232,3300,3286.42019837296,-3269.020808468553,-337.7286989187856,3275.999998377071,615.9779807978902
6505,6506,226,227,100,617.3434316463816,612.1437328165932,-79.95600646791956,-612.1437328165932,153.07619629134
7001,70311,233,326,6400,1167.248934114338,-1136.132522708349,267.7180700577039,1136.571665969481,-250.1185593615838
7001,70312,233,327,550,509.0471838677235,-508.0255858377051,32.23413622103686,508.9999967045521,6.703750330637126
7001,70313,233,328,100,0,0,0,0,0
7001,70314,233,329,3100,1139.210743462641,-1131.882343317232,129.0096078104068,1132.751119300122,-94.40872730665157
7001,7031,233,235,3200,1140.082906257818,-1132.184988469997,133.9633719509362,1133.022869030619,-100.3944392337207
7002,70321,234,330,1500,1479.949072400788,-1479.942545643903,-4.395280764110154,1482.999998736246,126.4553991272455
7002,70322,234,331,700,670.6709962695352,-670.6577374430597,-4.217160766066863,671.9999987056843,57.93017028386633
7002,70323,234,332,750,736.4948317372126,-736.4901339663855,-2.630540971114392,737.999982670773,63.08343218912458
7002,7032,234,236,1900,1122.376335622726,-1119.929481384361,-74.07155656562389,1121.319436332518,129.4907451424909
8001,8003,237,239,840,131.7040433695591,8.855838652476217,-131.4059707990928,-8.840917161954692,134.0023101498387
8002,8005,238,241,840,1070.914079832374,1069.682976153894,51.33514302860496,-1066.731573299649,119.8462225176005
8003,8033,239,242,100,1400.18558221245,-1393.999998449146,-131.4673684204509,1393.999998449146,139.577773444943
8004,80341,240,333,550,542.9199932594614,-542.8771333872708,-6.821812521104276,543.9999987466548,51.69200584928406
8004,8034,240,243,3800,1286.784260483098,-1263.025102053537,-246.1327377852952,1263.940057681848,282.6200592052058
